======================================================================
METRICS PER EPOCH
======================================================================
Epoch    Train RMSE      Train MAE       Test RMSE       Test MAE       
----------------------------------------------------------------------
1        0.089805        0.055546        0.090512        0.056336       
2        0.131439        0.084559        0.128853        0.083831       
3        0.115926        0.077941        0.116241        0.078487       
4        0.115496        0.075498        0.113656        0.074465       
5        0.100771        0.064042        0.099709        0.063618       
6        0.096514        0.061284        0.096637        0.061452       
7        0.093799        0.058093        0.094026        0.058205       
8        0.067759        0.036575        0.067098        0.036267       
9        0.065709        0.036623        0.067124        0.037475       
10       0.054475        0.025304        0.057383        0.026191       
11       0.056426        0.027365        0.055276        0.026952       
12       0.055280        0.026373        0.055725        0.026827       
13       0.051374        0.024665        0.051672        0.024880       
14       0.048257        0.022055        0.047590        0.021901       
15       0.042402        0.020658        0.043078        0.020869       
16       0.044755        0.020269        0.045409        0.020619       
17       0.035827        0.015898        0.035799        0.016062       
18       0.033810        0.014261        0.033388        0.014299       
19       0.034525        0.015041        0.033922        0.014974       
20       0.034755        0.014959        0.034400        0.015135       
======================================================================

📊 Final Epoch (20) Summary:
   Training   - RMSE: 0.034755, MAE: 0.014959
   Test       - RMSE: 0.034400, MAE: 0.015135